9000002 9000001
005 6
500 007
0005 5
00000076534444 86534444
00000090010020 00080001002
999981132466 999981132465
00000000000000000098 00000101
00000101 00000000000000000098
010 00009
9 10
4 05
0099 100
747919191919100000002389 747191919191910000007389
99999999999999999999 99999999999999999999
0000000000000000000099999999999999999999 99999999999999999999
1 2
1 1
10000000000001 000010000000000001
0000100000000000001 100000000000002
0000999999999999999999999999 999999999999999999999998
0000987654321987654321987654321 000000098765432198765432198765432
5 3
3 3
3 5
001 0000001
1000000000000000 2000